7 0 13
6 0 16
1 0 12012
4 0 3
1 0 27720
4 0 4
3 0 3
3 0 4
2 0 4
4 0 9
3 0 4
1 0 0
2 0 12
8 0 23
3 0 3
3 0 4
2 0 11
4 0 5
3 0 4
4 0 3
3 0 5
4 0 4
7 0 10
3 0 3
4 0 6
3 0 6
4 0 7
3 0 9
3 0 7
2 0 5
4 0 8
1 0 0
4 0 10
3 0 6
1 0 0
2 0 12
8 0 54
3 0 6
1 0 10
2 0 11
4 0 11
3 0 10
3 0 11
2 0 2
4 0 10
3 0 6
3 0 11
2 0 3
4 0 6
3 0 6
1 0 10
2 0 5
4 0 6
7 0 33
1 0 12012
9 0 1
1 0 27720
9 0 1
3 0 7
9 0 1
3 0 8
9 0 1
3 0 10
9 0 1
1 0 0
4 0 12
1 0 1
4 0 13
1 0 1
4 0 15
3 0 12
9 0 1
3 0 15
1 0 10
2 0 10
8 0 91
3 0 13
9 0 1
3 0 12
3 0 13
2 0 2
4 0 14
3 0 13
4 0 12
3 0 14
4 0 13
3 0 15
1 0 1
2 0 2
4 0 15
7 0 72
9 0 3
